150701
150702
150703
150704
150705
150706
150710
150711
150714
150715
150716
150717
150718
150720
150721
150727
150731
150802
150803
150805
150806
150807
150808
150809
150810
150811
150813
150817
150820
150821
150822
150823
150825
150826
150827
150828
150829
150830
150831
150908
150909
150910
150911
150912
150913
150914
150917
150918
150920
150921
150924
150927
150928
150929
150930
151001
151002
151003
151004
151005
151008
151009
151011
151012
151019
151020
151023
151024
151025
151026
151028
151029
151030
151031
151101
151102
151104
151105
151106
151107
151108
151109
151110
151111
151112
151113
151115
151116
151117
151118
151123
151124
151127
151128
151202
151203
151205
151206
151207
151210
151211
151212
151213
151214
151215
151217
151218
151219
151220
151221
151222
151223
151224
151225
151226
151227
151228
151229
151230
160101
160103
160104
160105
160106
160109
160117
160121
160122
160123
160124
160125
160126
160127
160129
160130
160201
160205
160206
160213
160217
160218
160221
160226
160227
160228
160309
160314
160316
160317
160318
160319
160320
160326
160328
160330
160401
160402
160403
160406
160410
160411
160412
160414
160415
160416
160420
